<?xml version="1.0" encoding="utf-8"?>

<golem>
  <camera>
    <deformation>
      <equation>
        <first c1="2.24194" c10="0" c11="0" c12="0" c13="0" c14="0" c15="0" c16="0" c17="0" c18="0" c19="0" c2="-0.78011" c20="0" c21="0" c22="0" c23="0" c24="0" c25="0" c26="0" c27="0" c28="0" c29="0" c3="2.56494" c30="0" c31="0" c32="0" c33="0" c34="0" c35="0" c36="0" c37="0" c38="0" c39="0" c4="-1.99427" c40="0" c41="0" c42="0" c43="0" c44="0" c45="0" c46="0" c47="0" c48="0" c49="0" c5="0.489685" c50="0" c51="0" c52="0" c53="0" c54="0" c55="0" c56="0" c57="0" c58="0" c59="0" c6="-1.03599" c60="0" c61="0" c7="-1.1528" c8="0" c9="0" dim="61" dt="0" flags="" m11="-0.178344" m12="0.0904264" m13="0.979804" m21="0.0120412" m22="0.995894" m23="-0.0897196" m31="-0.983895" m32="-0.0042029" m33="-0.1787" v1="0.494944" v2="-0.375609" v3="0.345414"></first>
        <second m11="1" m12="0" m13="0" m21="0" m22="1" m23="0" m31="0" m32="0" m33="1" v1="0" v2="0" v3="0"></second>
      </equation>
      <equation>
        <first c1="1.98701" c10="0" c11="0" c12="0" c13="0" c14="0" c15="0" c16="0" c17="0" c18="0" c19="0" c2="-1.82023" c20="0" c21="0" c22="0" c23="0" c24="0" c25="0" c26="0" c27="0" c28="0" c29="0" c3="2.68372" c30="0" c31="0" c32="0" c33="0" c34="0" c35="0" c36="0" c37="0" c38="0" c39="0" c4="-0.993686" c40="0" c41="0" c42="0" c43="0" c44="0" c45="0" c46="0" c47="0" c48="0" c49="0" c5="-0.472112" c50="0" c51="0" c52="0" c53="0" c54="0" c55="0" c56="0" c57="0" c58="0" c59="0" c6="0.701147" c60="0" c61="0" c7="-0.601656" c8="0" c9="0" dim="61" dt="0" flags="" m11="-0.110427" m12="-0.992321" m13="0.0557231" m21="-0.870356" m22="0.123621" m23="0.476654" m31="-0.479882" m32="0.00413674" m33="-0.877323" v1="0.539691" v2="0.0496247" v3="0.18247"></first>
        <second m11="0.999627" m12="-0.0222222" m13="-0.0158517" m21="0.0222217" m22="0.999753" m23="-0.000204216" m31="0.0158524" m32="-0.000148113" m33="0.999874" v1="-0.015907" v2="-0.0127524" v3="-0.00915216"></second>
      </equation>
      <equation>
        <first c1="1.60132" c10="0" c11="0" c12="0" c13="0" c14="0" c15="0" c16="0" c17="0" c18="0" c19="0" c2="-1.85831" c20="0" c21="0" c22="0" c23="0" c24="0" c25="0" c26="0" c27="0" c28="0" c29="0" c3="1.77601" c30="0" c31="0" c32="0" c33="0" c34="0" c35="0" c36="0" c37="0" c38="0" c39="0" c4="-0.0109373" c40="0" c41="0" c42="0" c43="0" c44="0" c45="0" c46="0" c47="0" c48="0" c49="0" c5="0.450068" c50="0" c51="0" c52="0" c53="0" c54="0" c55="0" c56="0" c57="0" c58="0" c59="0" c6="1.04643" c60="0" c61="0" c7="-0.639244" c8="0" c9="0" dim="61" dt="0" flags="" m11="-0.586657" m12="-0.733623" m13="0.342972" m21="-0.584259" m22="0.676679" m23="0.448047" m31="-0.56078" m32="0.0624657" m33="-0.825605" v1="0.783829" v2="-0.171412" v3="0.183287"></first>
        <second m11="0.999712" m12="-0.0205569" m13="-0.0123762" m21="0.0205701" m22="0.999788" m23="0.000944687" m31="0.0123542" m32="-0.00119899" m33="0.999923" v1="-0.0132312" v2="-0.00631894" v3="-0.00815102"></second>
      </equation>
      <equation>
        <first c1="1.65995" c10="0" c11="0" c12="0" c13="0" c14="0" c15="0" c16="0" c17="0" c18="0" c19="0" c2="-1.53042" c20="0" c21="0" c22="0" c23="0" c24="0" c25="0" c26="0" c27="0" c28="0" c29="0" c3="1.68962" c30="0" c31="0" c32="0" c33="0" c34="0" c35="0" c36="0" c37="0" c38="0" c39="0" c4="-0.36158" c40="0" c41="0" c42="0" c43="0" c44="0" c45="0" c46="0" c47="0" c48="0" c49="0" c5="0.208225" c50="0" c51="0" c52="0" c53="0" c54="0" c55="0" c56="0" c57="0" c58="0" c59="0" c6="0.617441" c60="0" c61="0" c7="-0.0828213" c8="0" c9="0" dim="61" dt="0" flags="" m11="-0.768678" m12="0.0199737" m13="0.639325" m21="0.0207758" m22="0.999765" m23="-0.00625525" m31="-0.639299" m32="0.0084742" m33="-0.768912" v1="0.823846" v2="-0.460662" v3="0.165347"></first>
        <second m11="0.999974" m12="-0.00398207" m13="-0.00594634" m21="0.00392679" m22="0.999949" m23="-0.00927833" m31="0.00598298" m32="0.00925474" m33="0.999939" v1="-0.00645851" v2="0.000526468" v3="0.0014022"></second>
      </equation>
      <equation>
        <first c1="1.64564" c10="0" c11="0" c12="0" c13="0" c14="0" c15="0" c16="0" c17="0" c18="0" c19="0" c2="-1.20665" c20="0" c21="0" c22="0" c23="0" c24="0" c25="0" c26="0" c27="0" c28="0" c29="0" c3="1.61823" c30="0" c31="0" c32="0" c33="0" c34="0" c35="0" c36="0" c37="0" c38="0" c39="0" c4="-0.49662" c40="0" c41="0" c42="0" c43="0" c44="0" c45="0" c46="0" c47="0" c48="0" c49="0" c5="-0.14301" c50="0" c51="0" c52="0" c53="0" c54="0" c55="0" c56="0" c57="0" c58="0" c59="0" c6="0.587923" c60="0" c61="0" c7="0.63425" c8="0" c9="0" dim="61" dt="0" flags="" m11="-0.484899" m12="0.723958" m13="0.49067" m21="0.600765" m22="0.683452" m23="-0.414699" m31="-0.635574" m32="0.0936896" m33="-0.766334" v1="0.747511" v2="-0.742821" v3="0.165741"></first>
        <second m11="0.999881" m12="-0.0119015" m13="-0.0098499" m21="0.0117053" m22="0.999737" m23="-0.0197398" m31="0.0100822" m32="0.0196222" m33="0.999757" v1="-0.00990101" v2="-0.00396536" v3="0.00447966"></second>
      </equation>
      <equation>
        <first c1="1.70971" c10="0" c11="0" c12="0" c13="0" c14="0" c15="0" c16="0" c17="0" c18="0" c19="0" c2="-0.944042" c20="0" c21="0" c22="0" c23="0" c24="0" c25="0" c26="0" c27="0" c28="0" c29="0" c3="1.20652" c30="0" c31="0" c32="0" c33="0" c34="0" c35="0" c36="0" c37="0" c38="0" c39="0" c4="-0.707647" c40="0" c41="0" c42="0" c43="0" c44="0" c45="0" c46="0" c47="0" c48="0" c49="0" c5="0.126308" c50="0" c51="0" c52="0" c53="0" c54="0" c55="0" c56="0" c57="0" c58="0" c59="0" c6="0.752083" c60="0" c61="0" c7="0.841237" c8="0" c9="0" dim="61" dt="0" flags="" m11="-0.00617079" m12="0.997805" m13="0.0659288" m21="0.850137" m22="0.0399492" m23="-0.525044" m31="-0.526525" m32="0.0528086" m33="-0.848518" v1="0.54405" v2="-0.976981" v3="0.187782"></first>
        <second m11="0.999924" m12="-0.0104814" m13="-0.0064713" m21="0.0102969" m22="0.999557" m23="-0.0279206" m31="0.00676109" m32="0.0278519" m33="0.999589" v1="-0.00600508" v2="-0.00438703" v3="0.00966229"></second>
      </equation>
      <equation>
        <first c1="2.05577" c10="0" c11="0" c12="0" c13="0" c14="0" c15="0" c16="0" c17="0" c18="0" c19="0" c2="-0.926661" c20="0" c21="0" c22="0" c23="0" c24="0" c25="0" c26="0" c27="0" c28="0" c29="0" c3="0.68876" c30="0" c31="0" c32="0" c33="0" c34="0" c35="0" c36="0" c37="0" c38="0" c39="0" c4="-1.69529" c40="0" c41="0" c42="0" c43="0" c44="0" c45="0" c46="0" c47="0" c48="0" c49="0" c5="0.72129" c50="0" c51="0" c52="0" c53="0" c54="0" c55="0" c56="0" c57="0" c58="0" c59="0" c6="0.410029" c60="0" c61="0" c7="0.531471" c8="0" c9="0" dim="61" dt="0" flags="" m11="0.520515" m12="0.828521" m13="-0.206439" m21="0.726472" m22="-0.556767" m23="-0.402801" m31="-0.448667" m32="0.0596912" m33="-0.891703" v1="0.188545" v2="-0.938598" v3="0.170124"></first>
        <second m11="0.999609" m12="-0.00938888" m13="-0.0263204" m21="0.00889858" m22="0.999786" m23="-0.0186838" m31="0.0264901" m32="0.0184423" m33="0.999479" v1="-0.00557947" v2="-0.00499301" v3="-0.0039142"></second>
      </equation>
    </deformation>
    <extrinsic m11="-0.0153904" m12="-0.0689897" m13="0.997499" m21="0.999869" m22="0.0040025" m23="0.0157038" m31="-0.00507589" m32="0.997609" m33="0.068919" v1="0.0751287" v2="-0.0427652" v3="0.0711756">
      <model estimate_pose="1" manual="0" simulation="0" use_intrinsic="1">
        <equation>
          <first c1="2.24193" c10="0.168226" c11="0.168226" c12="0.0192979" c13="-0.00937174" c14="0.0962996" c15="0.0962996" c16="-0.0260819" c17="0.0653064" c18="0.187355" c19="0.108815" c2="-0.780088" c20="-0.00247553" c21="0.197245" c22="0.134063" c23="0.134063" c24="-0.0406082" c25="0.224006" c26="0.175362" c27="0.238194" c28="0" c29="0" c3="2.56492" c30="0" c31="0" c32="0" c33="0" c34="0" c35="0" c36="0" c37="0" c38="0" c39="0" c4="-1.99426" c40="0" c41="0" c42="0" c43="0" c44="0" c45="0" c46="0" c47="0" c48="0" c49="0" c5="0.489698" c50="0" c51="0" c52="0" c53="0" c54="0" c55="0" c56="0" c57="0" c58="0" c59="0" c6="-1.03597" c60="0" c61="0" c7="-1.15282" c8="0.0158374" c9="0.262323" dim="61" dt="0" flags="" m11="-0.178372" m12="0.0904491" m13="0.979797" m21="0.0120454" m22="0.995892" m23="-0.089742" m31="-0.983889" m32="-0.00420548" m33="-0.178729" v1="0.494951" v2="-0.375626" v3="0.345407"></first>
          <second m11="-0.997178" m12="0.0725918" m13="-0.0191516" m21="0.074338" m22="0.990384" m23="-0.116674" m31="0.0104978" m32="-0.117769" m33="-0.992986" v1="0.216482" v2="0.192073" v3="0.595806"></second>
        </equation>
        <equation>
          <first c1="2.15356" c10="0.168226" c11="0.168226" c12="0.0192979" c13="-0.00937174" c14="0.0962996" c15="0.0962996" c16="-0.0260819" c17="0.0653064" c18="0.187355" c19="0.108815" c2="-1.44175" c20="-0.00247553" c21="0.197245" c22="0.132806" c23="0.132806" c24="-0.0406082" c25="0.224006" c26="0.175362" c27="0.238194" c28="0" c29="0" c3="2.41635" c30="0" c31="0" c32="0" c33="0" c34="0" c35="0" c36="0" c37="0" c38="0" c39="0" c4="-1.23596" c40="0" c41="0" c42="0" c43="0" c44="0" c45="0" c46="0" c47="0" c48="0" c49="0" c5="0.526317" c50="0" c51="0" c52="0" c53="0" c54="0" c55="0" c56="0" c57="0" c58="0" c59="0" c6="0.0401596" c60="0" c61="0" c7="-1.15169" c8="-0.028843" c9="0.270143" dim="61" dt="0" flags="" m11="-0.327055" m12="-0.673092" m13="0.663311" m21="-0.339616" m22="0.738736" m23="0.582177" m31="-0.881871" m32="-0.0348677" m33="-0.4702" v1="0.653133" v2="-0.157795" v3="0.297983"></first>
          <second m11="-0.732804" m12="-0.617241" m13="0.286377" m21="-0.680346" m22="0.671626" m23="-0.293338" m31="-0.0112784" m32="-0.409795" m33="-0.912108" v1="-0.0360059" v2="0.345816" v3="0.536591"></second>
        </equation>
        <equation>
          <first c1="2.11752" c10="0.168226" c11="0.168226" c12="0.0192979" c13="-0.00937174" c14="0.0962996" c15="0.0962996" c16="-0.0260819" c17="0.0653064" c18="0.187355" c19="0.108815" c2="-1.40558" c20="-0.00247553" c21="0.197245" c22="0.132806" c23="0.132806" c24="-0.0406082" c25="0.224006" c26="0.175362" c27="0.238194" c28="0" c29="0" c3="1.89854" c30="0" c31="0" c32="0" c33="0" c34="0" c35="0" c36="0" c37="0" c38="0" c39="0" c4="-1.20023" c40="0" c41="0" c42="0" c43="0" c44="0" c45="0" c46="0" c47="0" c48="0" c49="0" c5="0.9723" c50="0" c51="0" c52="0" c53="0" c54="0" c55="0" c56="0" c57="0" c58="0" c59="0" c6="-0.137068" c60="0" c61="0" c7="-1.02369" c8="-0.028843" c9="0.270143" dim="61" dt="0" flags="" m11="-0.52917" m12="0.0323192" m13="0.8479" m21="0.0131296" m22="0.999467" m23="-0.0299023" m31="-0.848414" m32="-0.00469079" m33="-0.529312" v1="0.717557" v2="-0.40694" v3="0.23323"></first>
          <second m11="-0.999588" m12="0.0152489" m13="-0.0242968" m21="0.0249518" m22="0.880065" m23="-0.474197" m31="0.0141518" m32="-0.474608" m33="-0.880084" v1="0.241306" v2="0.381549" v3="0.467148"></second>
        </equation>
        <equation>
          <first c1="2.12901" c10="0.168226" c11="0.168226" c12="0.032702" c13="0.00403238" c14="0.0962996" c15="0.0962996" c16="0.00240186" c17="0.074801" c18="0.187355" c19="0.108815" c2="-0.979385" c20="-0.00135852" c21="0.198363" c22="0.132806" c23="0.132806" c24="-0.0406082" c25="0.224006" c26="0.175362" c27="0.238194" c28="0" c29="0" c3="1.61953" c30="0" c31="0" c32="0" c33="0" c34="0" c35="0" c36="0" c37="0" c38="0" c39="0" c4="-1.22828" c40="0" c41="0" c42="0" c43="0" c44="0" c45="0" c46="0" c47="0" c48="0" c49="0" c5="1.31726" c50="0" c51="0" c52="0" c53="0" c54="0" c55="0" c56="0" c57="0" c58="0" c59="0" c6="-0.160625" c60="0" c61="0" c7="-1.01716" c8="-0.027726" c9="0.267908" dim="61" dt="0" flags="" m11="-0.262955" m12="0.667332" m13="0.696794" m21="0.555681" m22="0.695149" m23="-0.456055" m31="-0.788716" m32="0.267273" m33="-0.553617" v1="0.631041" v2="-0.75438" v3="0.247194"></first>
          <second m11="-0.694732" m12="0.480039" m13="-0.535639" m21="0.661234" m22="0.719309" m23="-0.212987" m31="0.283048" m32="-0.502152" m33="-0.817146" v1="0.565803" v2="0.280959" v3="0.472141"></second>
        </equation>
        <point v1="0" v2="0" v3="0"></point>
        <point v1="0.06" v2="0" v3="0"></point>
        <point v1="0.12" v2="0" v3="0"></point>
        <point v1="0.18" v2="0" v3="0"></point>
        <point v1="0.24" v2="0" v3="0"></point>
        <point v1="0.3" v2="0" v3="0"></point>
        <point v1="0.36" v2="0" v3="0"></point>
        <point v1="0" v2="0.06" v3="0"></point>
        <point v1="0.06" v2="0.06" v3="0"></point>
        <point v1="0.12" v2="0.06" v3="0"></point>
        <point v1="0.18" v2="0.06" v3="0"></point>
        <point v1="0.24" v2="0.06" v3="0"></point>
        <point v1="0.3" v2="0.06" v3="0"></point>
        <point v1="0.36" v2="0.06" v3="0"></point>
        <point v1="0" v2="0.12" v3="0"></point>
        <point v1="0.06" v2="0.12" v3="0"></point>
        <point v1="0.12" v2="0.12" v3="0"></point>
        <point v1="0.18" v2="0.12" v3="0"></point>
        <point v1="0.24" v2="0.12" v3="0"></point>
        <point v1="0.3" v2="0.12" v3="0"></point>
        <point v1="0.36" v2="0.12" v3="0"></point>
        <point v1="0" v2="0.18" v3="0"></point>
        <point v1="0.06" v2="0.18" v3="0"></point>
        <point v1="0.12" v2="0.18" v3="0"></point>
        <point v1="0.18" v2="0.18" v3="0"></point>
        <point v1="0.24" v2="0.18" v3="0"></point>
        <point v1="0.3" v2="0.18" v3="0"></point>
        <point v1="0.36" v2="0.18" v3="0"></point>
        <point v1="0" v2="0.24" v3="0"></point>
        <point v1="0.06" v2="0.24" v3="0"></point>
        <point v1="0.12" v2="0.24" v3="0"></point>
        <point v1="0.18" v2="0.24" v3="0"></point>
        <point v1="0.24" v2="0.24" v3="0"></point>
        <point v1="0.3" v2="0.24" v3="0"></point>
        <pose m11="-0.0125309" m12="0.999904" m13="-0.00583754" m21="-0.999916" m22="-0.0125106" m23="0.00350279" m31="0.00342943" m32="0.00588094" m33="0.999977" v1="0.361318" v2="-0.206886" v3="-0.338565"></pose>
        <pose_euler pitch="-0.00342943" roll="0.00588101" v1="0.361318" v2="-0.206886" v3="-0.338565" yaw="-1.58333"></pose_euler>
        <pose_quat q0="0.702662" q1="0.000846122" q2="-0.00329709" q3="-0.711516" v1="0.361318" v2="-0.206886" v3="-0.338565"></pose_quat>
      </model>
    </extrinsic>
    <intrinsic cx="323.858" cy="242.835" f="6" fx="575.43" fy="574.906" h="480" k1="-0.041186" k2="0.0678617" k3="0" p1="0.000597594" p2="0.000637773" w="640">
      <model>
        <grid dx="0.06" dy="0.06" nx="7" ny="5"></grid>
      </model>
    </intrinsic>
  </camera>
</golem>
